32,54:7337,7779,0.0
14,74:31927,32435,0.0
27,46:70368,70956,0.0
50,96:72164,72421,0.0
21,28:45223,46189,0.0
4,36:75157,75432,0.0
8,63:6394,6694,0.0
7,25:15384,15784,0.0
63,76:57663,58147,0.0
48,86:37256,37539,0.0
11,90:104494,104924,0.0
33,41:75497,75976,0.0
16,47:33547,33974,0.0
72,92:19074,19510,0.0
73,82:4437,4777,0.0
54,92:36652,37178,0.0
1,64:97096,97319,0.0
2,78:1250,1540,0.0
41,57:62941,63430,0.0
78,86:24570,25156,0.0
40,66:77603,78619,0.0
12,59:33879,34519,0.0
52,98:97749,98288,0.0
17,64:16387,16900,0.0
64,88:22446,24187,0.0
19,91:19120,19668,0.0
20,75:19878,20393,0.0
76,88:11345,11800,0.0
41,74:24980,25523,0.0
42,88:9482,9599,0.0
5,84:49926,50809,0.0
6,98:90898,91189,0.0
45,61:19559,20115,0.0
10,97:15768,16211,0.0
67,80:52066,52659,0.0
13,20:6874,7141,0.0
39,70:53201,53751,0.0
0,55:108285,108547,0.0
20,58:90501,91009,0.0
59,97:51842,52035,0.0
60,81:89844,90592,0.0
23,95:37648,38116,0.0
8,87:35825,36264,0.0
45,78:74990,75346,0.0
84,95:64174,64478,0.0
85,87:84721,85376,0.0
32,77:30351,30712,0.0
14,77:98156,98512,0.0
70,94:18669,19100,0.0
53,62:88735,89796,0.0
27,39:50803,52479,0.0
1,40:99330,99974,0.0
57,59:103527,104203,0.0
21,37:39997,40361,0.0
4,35:57899,59193,0.0
8,38:84939,85960,0.0
7,22:24957,25523,0.0
48,77:80739,81045,0.0
11,83:97788,98307,0.0
33,34:109646,110126,0.0
16,38:78031,78512,0.0
73,91:62856,63309,0.0
54,87:26459,26897,0.0
1,89:80277,80839,0.0
2,73:90732,91186,0.0
78,89:33617,34086,0.0
79,85:107319,107659,0.0
26,67:6289,6462,0.0
29,44:81942,82478,0.0
12,50:3386,3764,0.0
19,96:10835,11332,0.0
20,82:57741,58285,0.0
76,87:665,969,0.0
42,67:62594,62963,0.0
5,93:61683,62117,0.0
45,54:66736,67229,0.0
66,93:103626,104483,0.0
67,89:67937,69156,0.0
35,96:6757,7162,0.0
0,14:72026,72838,0.0
3,11:840,1431,0.0
23,84:19361,20376,0.0
8,94:63188,63694,0.0
45,71:78124,79284,0.0
32,68:112991,113500,0.0
33,74:977,1588,0.0
14,84:26203,26983,0.0
70,81:13018,13793,0.0
71,93:24244,25110,0.0
1,33:89612,90997,0.0
57,60:110533,111279,0.0
21,46:64212,64934,0.0
4,42:93491,94958,0.0
8,45:81019,81704,0.0
7,15:40558,41562,0.0
48,68:65288,66758,0.0
29,62:107774,108459,0.0
12,90:63095,63645,0.0
16,29:7831,8708,0.0
72,74:66190,67366,0.0
36,80:111351,112264,0.0
1,82:13033,13794,0.0
2,64:114264,114900,0.0
41,43:71490,72294,0.0
5,53:93983,95478,0.0
79,82:92502,93819,0.0
26,74:15950,16917,0.0
27,72:99234,100076,0.0
12,41:45822,46876,0.0
17,50:15155,16287,0.0
37,63:111143,111988,0.0
20,89:70585,71656,0.0
76,78:6823,7266,0.0
77,88:90061,91167,0.0
24,28:63326,63783,0.0
5,70:90703,91399,0.0
6,92:51639,52438,0.0
10,19:42520,43213,0.0
66,84:56778,58162,0.0
67,94:39133,40162,0.0
30,86:100644,101945,0.0
0,5:61233,62151,0.0
8,69:10937,12013,0.0
64,98:78727,79886,0.0
45,64:64366,65163,0.0
85,89:88751,90592,0.0
32,91:54192,54724,0.0
33,67:114966,115400,0.0
14,95:57412,58483,0.0
70,72:46005,46967,0.0
71,90:7015,7607,0.0
18,98:77560,78513,0.0
1,58:110618,111317,0.0
57,69:99524,100268,0.0
38,97:40266,41108,0.0
21,55:83408,84478,0.0
4,17:4226,4794,0.0
80,98:90557,91366,0.0
26,34:98833,100015,0.0
29,55:99973,100601,0.0
12,81:73900,75128,0.0
33,60:16934,17551,0.0
16,20:22268,23499,0.0
36,95:73412,74421,0.0
37,87:9206,9618,0.0
2,91:66431,67525,0.0
15,30:62201,62951,0.0
41,44:44668,46178,0.0
22,30:89408,91233,0.0
79,91:112434,112983,0.0
26,85:90142,91408,0.0
51,71:77056,78835,0.0
17,43:69672,71409,0.0
37,56:66773,68591,0.0
20,96:108623,109786,0.0
77,81:11001,12304,0.0
24,99:40824,41959,0.0
5,79:27016,28414,0.0
6,87:112707,113377,0.0
29,96:58555,59243,0.0
10,26:64488,66142,0.0
67,71:114634,115289,0.0
30,89:74201,75555,0.0
31,85:76096,78482,0.0
0,28:28472,30604,0.0
40,99:81536,82614,0.0
8,76:22915,24522,0.0
85,98:18994,20558,0.0
32,82:30431,32298,0.0
33,68:114994,115596,0.0
14,38:79873,81359,0.0
71,83:21680,23562,0.0
18,93:25487,26463,0.0
1,51:84581,86289,0.0
57,78:95253,96925,0.0
58,68:25933,26968,0.0
21,48:32789,34835,0.0
4,24:103404,104521,0.0
80,89:38559,39933,0.0
26,45:12563,13713,0.0
63,96:94679,96580,0.0
11,70:49862,51614,0.0
12,72:113024,113897,0.0
33,53:39866,41021,0.0
73,78:56535,58481,0.0
54,56:44746,46688,0.0
37,80:9425,10237,0.0
2,82:82324,83262,0.0
41,95:76902,79478,0.0
61,74:100164,101818,0.0
26,92:47727,48924,0.0
27,70:5166,5904,0.0
49,58:79889,81381,0.0
30,49:78206,79904,0.0
51,76:85482,87240,0.0
52,70:82012,82533,0.0
17,44:1808,2598,0.0
31,52:635,2148,0.0
42,60:108440,109457,0.0
5,72:86710,88551,0.0
6,78:107323,108456,0.0
67,76:97861,99522,0.0
13,56:54460,55792,0.0
0,19:104718,105695,0.0
55,72:29599,31512,0.0
23,99:71807,73490,0.0
50,63:52148,53778,0.0
14,41:56954,58748,0.0
71,72:85528,87242,0.0
18,84:102313,103439,0.0
1,52:2048,2848,0.0
58,79:75727,78150,0.0
21,57:7032,7971,0.0
4,7:34484,36366,0.0
26,52:3517,4518,0.0
46,51:95439,97277,0.0
12,71:10632,12309,0.0
36,77:69888,72173,0.0
37,89:73120,75339,0.0
2,45:2604,3619,0.0
58,62:43349,45135,0.0
22,40:113504,114836,0.0
5,32:95919,97391,0.0
61,67:57754,59105,0.0
62,83:41235,42998,0.0
9,37:68819,70779,0.0
30,56:80878,82381,0.0
88,95:9518,10994,0.0
51,85:102072,103389,0.0
34,39:64498,66804,0.0
17,37:26972,29042,0.0
31,61:76740,78183,0.0
37,42:29258,32137,0.0
6,65:7086,8408,0.0
10,12:101631,102951,0.0
49,95:19953,21664,0.0
30,75:14943,16978,0.0
13,49:41957,43701,0.0
18,60:95905,97391,0.0
55,65:43726,45915,0.0
38,59:41313,43023,0.0
32,96:45418,47514,0.0
33,86:15718,17287,0.0
14,48:113689,114917,0.0
90,97:76383,79269,0.0
18,79:26903,28894,0.0
1,13:6414,7283,0.0
57,88:44945,47510,0.0
58,86:107814,109182,0.0
21,66:2143,3174,0.0
4,14:100390,102277,0.0
80,87:77844,80007,0.0
43,93:41472,43030,0.0
26,63:65886,68274,0.0
68,99:19241,21175,0.0
37,66:84650,87066,0.0
2,36:102048,103359,0.0
97,98:44360,46687,0.0
5,41:108341,109600,0.0
61,92:6054,6996,0.0
62,90:54599,57051,0.0
27,84:52693,54574,0.0
30,35:32793,35844,0.0
51,90:91001,92331,0.0
52,84:112193,112937,0.0
17,30:10912,12641,0.0
42,46:44796,47488,0.0
6,56:107952,109202,0.0
10,55:115194,116031,0.0
49,80:84498,86728,0.0
50,94:67337,69655,0.0
31,64:62443,63767,0.0
18,55:111953,112734,0.0
55,94:80511,81979,0.0
38,50:45729,47514,0.0
95,98:61438,61822,0.0
25,31:80359,81760,0.0
8,97:78254,80484,0.0
64,78:19629,21382,0.0
11,28:106855,108526,0.0
14,59:57077,58923,0.0
18,70:102199,103457,0.0
1,6:76832,79439,0.0
57,97:104369,105654,0.0
58,81:51914,53785,0.0
21,75:100707,102654,0.0
22,75:43242,45963,0.0
43,82:60252,62821,0.0
44,92:62150,63785,0.0
46,61:76980,79968,0.0
9,77:92292,95235,0.0
73,97:37834,40130,0.0
28,48:20849,21297,0.0
2,63:102137,103935,0.0
22,58:110425,112242,0.0
5,18:79159,81480,0.0
61,85:8378,10086,0.0
62,93:2837,4240,0.0
27,45:115043,116334,0.0
30,42:53760,55989,0.0
52,83:33791,36767,0.0
17,23:107536,109242,0.0
0,73:43694,46500,0.0
9,57:87244,90997,0.0
23,25:110774,112425,0.0
6,51:93771,97062,0.0
10,62:17811,20385,0.0
49,73:57669,59244,0.0
50,89:82642,84606,0.0
13,35:39407,41523,0.0
18,46:80774,82586,0.0
74,83:48105,51626,0.0
55,87:71067,73855,0.0
40,95:10320,12615,0.0
43,58:90121,92171,0.0
64,69:4261,5377,0.0
65,73:10769,12885,0.0
29,99:21759,24521,0.0
36,41:69511,72206,0.0
42,93:97032,99167,0.0
18,65:90455,92331,0.0
1,31:90395,92330,0.0
58,88:35696,37951,0.0
21,84:94869,97319,0.0
22,66:17375,19761,0.0
43,75:43679,46496,0.0
44,91:24632,26575,0.0
7,97:84591,87362,0.0
11,98:49833,52380,0.0
68,81:60611,62926,0.0
51,59:100719,102926,0.0
15,33:98888,101546,0.0
19,34:102588,104394,0.0
2,54:43692,46500,0.0
22,61:112178,113193,0.0
5,27:108705,110528,0.0
62,68:22280,25026,0.0
9,88:65376,68532,0.0
10,86:43244,45963,0.0
30,45:60158,62765,0.0
86,94:87306,91032,0.0
34,48:40648,42746,0.0
15,86:26934,29722,0.0
0,64:16288,18490,0.0
55,63:31321,35214,0.0
76,96:93042,96521,0.0
10,36:12285,14611,0.0
24,70:60851,63243,0.0
6,42:60265,62821,0.0
10,57:16522,18614,0.0
49,66:10771,12885,0.0
50,80:109530,111286,0.0
31,54:85146,88216,0.0
35,51:111327,112717,0.0
18,41:85811,88594,0.0
74,90:52720,54719,0.0
75,88:64914,67984,0.0
38,44:37019,39210,0.0
34,81:48775,49764,0.0
26,50:63573,63793,0.0
0,33:63211,63438,0.0
23,49:41372,42046,0.0
52,79:72831,74720,0.0
15,69:18185,19407,0.0
11,45:106573,108005,0.0
36,51:56816,58742,0.0
31,69:21570,23350,0.0
50,52:109909,111285,0.0
48,98:63844,66151,0.0
36,99:43168,45720,0.0
87,95:90326,91458,0.0
0,4:55822,56237,0.0
37,75:104040,105658,0.0
9,38:30523,33966,0.0
15,73:6529,7607,0.0
8,52:19719,20732,0.0
38,91:27734,28331,0.0
69,91:30586,31923,0.0
5,9:39472,40517,0.0
29,54:62481,63462,0.0
23,32:48004,50593,0.0
81,89:96517,97401,0.0
13,74:10541,12300,0.0
27,64:31839,34591,0.0
40,56:102162,103445,0.0
14,27:89815,92072,0.0
13,62:33488,36380,0.0
91,92:29364,32835,0.0
27,89:37840,38690,0.0
33,96:31096,34718,0.0
29,59:92539,94626,0.0
42,73:106477,107480,0.0
13,72:55099,57077,0.0
13,34:2319,2822,0.0
54,81:86794,89671,0.0
23,48:33168,36085,0.0
20,95:48352,51715,0.0
5,39:111365,112430,0.0
42,55:86983,88777,0.0
34,44:76075,78461,0.0
